-30	-inf
-29.99	-inf
-29.98	-inf
-29.97	-inf
-29.96	-inf
-29.95	-inf
-29.94	-inf
-29.93	-inf
-29.92	-inf
-29.91	-inf
-29.9	-inf
-29.89	-inf
-29.88	-inf
-29.87	-inf
-29.86	-inf
-29.85	-inf
-29.84	-inf
-29.83	-inf
-29.82	-inf
-29.81	-inf
-29.8	-inf
-29.79	-inf
-29.78	-inf
-29.77	-inf
-29.76	-inf
-29.75	-inf
-29.74	-inf
-29.73	-inf
-29.72	-inf
-29.71	-inf
-29.7	-inf
-29.69	-inf
-29.68	-inf
-29.67	-inf
-29.66	-inf
-29.65	-inf
-29.64	-inf
-29.63	-inf
-29.62	-inf
-29.61	-inf
-29.6	-inf
-29.59	-inf
-29.58	-inf
-29.57	-inf
-29.56	-inf
-29.55	-inf
-29.54	-inf
-29.53	-inf
-29.52	-inf
-29.51	-inf
-29.5	-inf
-29.49	-inf
-29.48	-inf
-29.47	-inf
-29.46	-inf
-29.45	-inf
-29.44	-inf
-29.43	-inf
-29.42	-inf
-29.41	-inf
-29.4	-inf
-29.39	-inf
-29.38	-inf
-29.37	-inf
-29.36	-inf
-29.35	-inf
-29.34	-inf
-29.33	-inf
-29.32	-inf
-29.31	-inf
-29.3	-inf
-29.29	-inf
-29.28	-inf
-29.27	-inf
-29.26	-inf
-29.25	-inf
-29.24	-inf
-29.23	-inf
-29.22	-inf
-29.21	-inf
-29.2	-inf
-29.19	-inf
-29.18	-inf
-29.17	-inf
-29.16	-inf
-29.15	-inf
-29.14	-inf
-29.13	-inf
-29.12	-inf
-29.11	-inf
-29.1	-inf
-29.09	-inf
-29.08	-inf
-29.07	-inf
-29.06	-inf
-29.05	-inf
-29.04	-inf
-29.03	-inf
-29.02	-inf
-29.01	-inf
-29	-inf
-28.99	-inf
-28.98	-inf
-28.97	-inf
-28.96	-inf
-28.95	-inf
-28.94	-inf
-28.93	-inf
-28.92	-inf
-28.91	-inf
-28.9	-inf
-28.89	-inf
-28.88	-inf
-28.87	-inf
-28.86	-inf
-28.85	-inf
-28.84	-inf
-28.83	-inf
-28.82	-inf
-28.81	-inf
-28.8	-inf
-28.79	-inf
-28.78	-inf
-28.77	-inf
-28.76	-inf
-28.75	-inf
-28.74	-inf
-28.73	-inf
-28.72	-inf
-28.71	-inf
-28.7	-inf
-28.69	-inf
-28.68	-inf
-28.67	-inf
-28.66	-inf
-28.65	-inf
-28.64	-inf
-28.63	-inf
-28.62	-inf
-28.61	-inf
-28.6	-inf
-28.59	-inf
-28.58	-inf
-28.57	-inf
-28.56	-inf
-28.55	-inf
-28.54	-inf
-28.53	-inf
-28.52	-inf
-28.51	-inf
-28.5	-inf
-28.49	-inf
-28.48	-inf
-28.47	-inf
-28.46	-inf
-28.45	-inf
-28.44	-inf
-28.43	-inf
-28.42	-inf
-28.41	-inf
-28.4	-inf
-28.39	-inf
-28.38	-inf
-28.37	-inf
-28.36	-inf
-28.35	-inf
-28.34	-inf
-28.33	-inf
-28.32	-inf
-28.31	-inf
-28.3	-inf
-28.29	-inf
-28.28	-inf
-28.27	-inf
-28.26	-inf
-28.25	-inf
-28.24	-inf
-28.23	-inf
-28.22	-inf
-28.21	-inf
-28.2	-inf
-28.19	-inf
-28.18	-inf
-28.17	-inf
-28.16	-inf
-28.15	-inf
-28.14	-inf
-28.13	-inf
-28.12	-inf
-28.11	-inf
-28.1	-inf
-28.09	-inf
-28.08	-inf
-28.07	-inf
-28.06	-inf
-28.05	-inf
-28.04	-inf
-28.03	-inf
-28.02	-inf
-28.01	-inf
-28	-inf
-27.99	-inf
-27.98	-inf
-27.97	-inf
-27.96	-inf
-27.95	-inf
-27.94	-inf
-27.93	-inf
-27.92	-inf
-27.91	-inf
-27.9	-inf
-27.89	-inf
-27.88	-inf
-27.87	-inf
-27.86	-inf
-27.85	-inf
-27.84	-inf
-27.83	-inf
-27.82	-inf
-27.81	-inf
-27.8	-inf
-27.79	-inf
-27.78	-inf
-27.77	-inf
-27.76	-inf
-27.75	-inf
-27.74	-inf
-27.73	-inf
-27.72	-inf
-27.71	-inf
-27.7	-inf
-27.69	-inf
-27.68	-inf
-27.67	-inf
-27.66	-inf
-27.65	-inf
-27.64	-inf
-27.63	-inf
-27.62	-inf
-27.61	-inf
-27.6	-inf
-27.59	-inf
-27.58	-inf
-27.57	-inf
-27.56	-inf
-27.55	-inf
-27.54	-inf
-27.53	-inf
-27.52	-inf
-27.51	-inf
-27.5	-inf
-27.49	-inf
-27.48	-inf
-27.47	-inf
-27.46	-inf
-27.45	-inf
-27.44	-inf
-27.43	-inf
-27.42	-inf
-27.41	-inf
-27.4	-inf
-27.39	-inf
-27.38	-inf
-27.37	-inf
-27.36	-inf
-27.35	-inf
-27.34	-inf
-27.33	-inf
-27.32	-inf
-27.31	-inf
-27.3	-inf
-27.29	-inf
-27.28	-inf
-27.27	-inf
-27.26	-inf
-27.25	-inf
-27.24	-inf
-27.23	-inf
-27.22	-inf
-27.21	-inf
-27.2	-inf
-27.19	-inf
-27.18	-inf
-27.17	-inf
-27.16	-inf
-27.15	-inf
-27.14	-inf
-27.13	-inf
-27.12	-inf
-27.11	-inf
-27.1	-inf
-27.09	-inf
-27.08	-inf
-27.07	-inf
-27.06	-inf
-27.05	-inf
-27.04	-inf
-27.03	-inf
-27.02	-inf
-27.01	-inf
-27	-inf
-26.99	-inf
-26.98	-inf
-26.97	-inf
-26.96	-inf
-26.95	-inf
-26.94	-inf
-26.93	-inf
-26.92	-inf
-26.91	-inf
-26.9	-inf
-26.89	-inf
-26.88	-inf
-26.87	-inf
-26.86	-inf
-26.85	-inf
-26.84	-inf
-26.83	-inf
-26.82	-inf
-26.81	-inf
-26.8	-inf
-26.79	-inf
-26.78	-inf
-26.77	-inf
-26.76	-inf
-26.75	-inf
-26.74	-inf
-26.73	-inf
-26.72	-inf
-26.71	-inf
-26.7	-inf
-26.69	-inf
-26.68	-inf
-26.67	-inf
-26.66	-inf
-26.65	-inf
-26.64	-inf
-26.63	-inf
-26.62	-inf
-26.61	-inf
-26.6	-inf
-26.59	-inf
-26.58	-inf
-26.57	-inf
-26.56	-inf
-26.55	-inf
-26.54	-inf
-26.53	-inf
-26.52	-inf
-26.51	-inf
-26.5	-inf
-26.49	-inf
-26.48	-inf
-26.47	-inf
-26.46	-inf
-26.45	-inf
-26.44	-inf
-26.43	-inf
-26.42	-inf
-26.41	-inf
-26.4	-inf
-26.39	-inf
-26.38	-inf
-26.37	-inf
-26.36	-inf
-26.35	-inf
-26.34	-inf
-26.33	-inf
-26.32	-inf
-26.31	-inf
-26.3	-inf
-26.29	-inf
-26.28	-inf
-26.27	-inf
-26.26	-inf
-26.25	-inf
-26.24	-inf
-26.23	-inf
-26.22	-inf
-26.21	-inf
-26.2	-inf
-26.19	-inf
-26.18	-inf
-26.17	-inf
-26.16	-inf
-26.15	-inf
-26.14	-inf
-26.13	-inf
-26.12	-inf
-26.11	-inf
-26.1	-inf
-26.09	-inf
-26.08	-inf
-26.07	-inf
-26.06	-inf
-26.05	-inf
-26.04	-inf
-26.03	-inf
-26.02	-inf
-26.01	-inf
-26	-inf
-25.99	-inf
-25.98	-inf
-25.97	-inf
-25.96	-inf
-25.95	-inf
-25.94	-inf
-25.93	-inf
-25.92	-inf
-25.91	-inf
-25.9	-inf
-25.89	-inf
-25.88	-inf
-25.87	-inf
-25.86	-inf
-25.85	-inf
-25.84	-inf
-25.83	-inf
-25.82	-inf
-25.81	-inf
-25.8	-inf
-25.79	-inf
-25.78	-inf
-25.77	-inf
-25.76	-inf
-25.75	-inf
-25.74	-inf
-25.73	-inf
-25.72	-inf
-25.71	-inf
-25.7	-inf
-25.69	-inf
-25.68	-inf
-25.67	-inf
-25.66	-inf
-25.65	-inf
-25.64	-inf
-25.63	-inf
-25.62	-inf
-25.61	-inf
-25.6	-inf
-25.59	-inf
-25.58	-inf
-25.57	-inf
-25.56	-inf
-25.55	-inf
-25.54	-inf
-25.53	-inf
-25.52	-inf
-25.51	-inf
-25.5	-inf
-25.49	-inf
-25.48	-inf
-25.47	-inf
-25.46	-inf
-25.45	-inf
-25.44	-inf
-25.43	-inf
-25.42	-inf
-25.41	-inf
-25.4	-inf
-25.39	-inf
-25.38	-inf
-25.37	-inf
-25.36	-inf
-25.35	-inf
-25.34	-inf
-25.33	-inf
-25.32	-inf
-25.31	-inf
-25.3	-inf
-25.29	-inf
-25.28	-inf
-25.27	-inf
-25.26	-inf
-25.25	-inf
-25.24	-inf
-25.23	-inf
-25.22	-inf
-25.21	-inf
-25.2	-inf
-25.19	-inf
-25.18	-inf
-25.17	-inf
-25.16	-inf
-25.15	-inf
-25.14	-inf
-25.13	-inf
-25.12	-inf
-25.11	-inf
-25.1	-inf
-25.09	-inf
-25.08	-inf
-25.07	-inf
-25.06	-inf
-25.05	-inf
-25.04	-inf
-25.03	-inf
-25.02	-inf
-25.01	-inf
-25	-inf
-24.99	-inf
-24.98	-inf
-24.97	-inf
-24.96	-inf
-24.95	-inf
-24.94	-inf
-24.93	-inf
-24.92	-inf
-24.91	-inf
-24.9	-inf
-24.89	-inf
-24.88	-inf
-24.87	-inf
-24.86	-inf
-24.85	-inf
-24.84	-inf
-24.83	-inf
-24.82	-inf
-24.81	-inf
-24.8	-inf
-24.79	-inf
-24.78	-inf
-24.77	-inf
-24.76	-inf
-24.75	-inf
-24.74	-inf
-24.73	-inf
-24.72	-inf
-24.71	-inf
-24.7	-inf
-24.69	-inf
-24.68	-inf
-24.67	-inf
-24.66	-inf
-24.65	-inf
-24.64	-inf
-24.63	-inf
-24.62	-inf
-24.61	-inf
-24.6	-inf
-24.59	-inf
-24.58	-inf
-24.57	-inf
-24.56	-inf
-24.55	-inf
-24.54	-inf
-24.53	-inf
-24.52	-inf
-24.51	-inf
-24.5	-inf
-24.49	-inf
-24.48	-inf
-24.47	-inf
-24.46	-inf
-24.45	-inf
-24.44	-inf
-24.43	-inf
-24.42	-inf
-24.41	-inf
-24.4	-inf
-24.39	-inf
-24.38	-inf
-24.37	-inf
-24.36	-inf
-24.35	-inf
-24.34	-inf
-24.33	-inf
-24.32	-inf
-24.31	-inf
-24.3	-inf
-24.29	-inf
-24.28	-inf
-24.27	-inf
-24.26	-inf
-24.25	-inf
-24.24	-inf
-24.23	-inf
-24.22	-inf
-24.21	-inf
-24.2	-inf
-24.19	-inf
-24.18	-inf
-24.17	-inf
-24.16	-inf
-24.15	-inf
-24.14	-inf
-24.13	-inf
-24.12	-inf
-24.11	-inf
-24.1	-inf
-24.09	-inf
-24.08	-inf
-24.07	-inf
-24.06	-inf
-24.05	-inf
-24.04	-inf
-24.03	-inf
-24.02	-inf
-24.01	-inf
-24	-inf
-23.99	-inf
-23.98	-inf
-23.97	-inf
-23.96	-inf
-23.95	-inf
-23.94	-inf
-23.93	-inf
-23.92	-inf
-23.91	-inf
-23.9	-inf
-23.89	-inf
-23.88	-inf
-23.87	-inf
-23.86	-inf
-23.85	-inf
-23.84	-inf
-23.83	-inf
-23.82	-inf
-23.81	-inf
-23.8	-inf
-23.79	-inf
-23.78	-inf
-23.77	-inf
-23.76	-inf
-23.75	-inf
-23.74	-inf
-23.73	-inf
-23.72	-inf
-23.71	-inf
-23.7	-inf
-23.69	-inf
-23.68	-inf
-23.67	-inf
-23.66	-inf
-23.65	-inf
-23.64	-inf
-23.63	-inf
-23.62	-inf
-23.61	-inf
-23.6	-inf
-23.59	-inf
-23.58	-inf
-23.57	-inf
-23.56	-inf
-23.55	-inf
-23.54	-inf
-23.53	-inf
-23.52	-inf
-23.51	-inf
-23.5	-inf
-23.49	-inf
-23.48	-inf
-23.47	-inf
-23.46	-inf
-23.45	-inf
-23.44	-inf
-23.43	-inf
-23.42	-inf
-23.41	-inf
-23.4	-inf
-23.39	-inf
-23.38	-inf
-23.37	-inf
-23.36	-inf
-23.35	-inf
-23.34	-inf
-23.33	-inf
-23.32	-inf
-23.31	-inf
-23.3	-inf
-23.29	-inf
-23.28	-inf
-23.27	-inf
-23.26	-inf
-23.25	-inf
-23.24	-inf
-23.23	-inf
-23.22	-inf
-23.21	-inf
-23.2	-inf
-23.19	-inf
-23.18	-inf
-23.17	-inf
-23.16	-inf
-23.15	-inf
-23.14	-inf
-23.13	-inf
-23.12	-inf
-23.11	-inf
-23.1	-inf
-23.09	-inf
-23.08	-inf
-23.07	-inf
-23.06	-inf
-23.05	-inf
-23.04	-inf
-23.03	-inf
-23.02	-inf
-23.01	-inf
-23	-inf
-22.99	-inf
-22.98	-inf
-22.97	-inf
-22.96	-inf
-22.95	-inf
-22.94	-inf
-22.93	-inf
-22.92	-inf
-22.91	-inf
-22.9	-inf
-22.89	-inf
-22.88	-inf
-22.87	-inf
-22.86	-inf
-22.85	-inf
-22.84	-inf
-22.83	-inf
-22.82	-inf
-22.81	-inf
-22.8	-inf
-22.79	-inf
-22.78	-inf
-22.77	-inf
-22.76	-inf
-22.75	-inf
-22.74	-inf
-22.73	-inf
-22.72	-inf
-22.71	-inf
-22.7	-inf
-22.69	-inf
-22.68	-inf
-22.67	-inf
-22.66	-inf
-22.65	-inf
-22.64	-inf
-22.63	-inf
-22.62	-inf
-22.61	-inf
-22.6	-inf
-22.59	-inf
-22.58	-inf
-22.57	-inf
-22.56	-inf
-22.55	-inf
-22.54	-inf
-22.53	-inf
-22.52	-inf
-22.51	-inf
-22.5	-inf
-22.49	-inf
-22.48	-inf
-22.47	-inf
-22.46	-inf
-22.45	-inf
-22.44	-inf
-22.43	-inf
-22.42	-inf
-22.41	-inf
-22.4	-inf
-22.39	-inf
-22.38	-inf
-22.37	-inf
-22.36	-inf
-22.35	-inf
-22.34	-inf
-22.33	-inf
-22.32	-inf
-22.31	-inf
-22.3	-inf
-22.29	-inf
-22.28	-inf
-22.27	-inf
-22.26	-inf
-22.25	-inf
-22.24	-inf
-22.23	-inf
-22.22	-inf
-22.21	-inf
-22.2	-inf
-22.19	-inf
-22.18	-inf
-22.17	-inf
-22.16	-inf
-22.15	-inf
-22.14	-inf
-22.13	-inf
-22.12	-inf
-22.11	-inf
-22.1	-inf
-22.09	-inf
-22.08	-inf
-22.07	-inf
-22.06	-inf
-22.05	-inf
-22.04	-inf
-22.03	-inf
-22.02	-inf
-22.01	-inf
-22	-inf
-21.99	-inf
-21.98	-inf
-21.97	-inf
-21.96	-inf
-21.95	-inf
-21.94	-inf
-21.93	-inf
-21.92	-inf
-21.91	-inf
-21.9	-inf
-21.89	-inf
-21.88	-inf
-21.87	-inf
-21.86	-inf
-21.85	-inf
-21.84	-inf
-21.83	-inf
-21.82	-inf
-21.81	-inf
-21.8	-inf
-21.79	-inf
-21.78	-inf
-21.77	-inf
-21.76	-inf
-21.75	-inf
-21.74	-inf
-21.73	-inf
-21.72	-inf
-21.71	-inf
-21.7	-inf
-21.69	-inf
-21.68	-inf
-21.67	-inf
-21.66	-inf
-21.65	-inf
-21.64	-inf
-21.63	-inf
-21.62	-inf
-21.61	-inf
-21.6	-inf
-21.59	-inf
-21.58	-inf
-21.57	-inf
-21.56	-inf
-21.55	-inf
-21.54	-inf
-21.53	-inf
-21.52	-inf
-21.51	-inf
-21.5	-inf
-21.49	-inf
-21.48	-inf
-21.47	-inf
-21.46	-inf
-21.45	-inf
-21.44	-inf
-21.43	-inf
-21.42	-inf
-21.41	-inf
-21.4	-inf
-21.39	-inf
-21.38	-inf
-21.37	-inf
-21.36	-inf
-21.35	-inf
-21.34	-inf
-21.33	-inf
-21.32	-inf
-21.31	-inf
-21.3	-inf
-21.29	-inf
-21.28	-inf
-21.27	-inf
-21.26	-inf
-21.25	-inf
-21.24	-inf
-21.23	-inf
-21.22	-inf
-21.21	-inf
-21.2	-inf
-21.19	-inf
-21.18	-inf
-21.17	-inf
-21.16	-inf
-21.15	-inf
-21.14	-inf
-21.13	-inf
-21.12	-inf
-21.11	-inf
-21.1	-inf
-21.09	-inf
-21.08	-inf
-21.07	-inf
-21.06	-inf
-21.05	-inf
-21.04	-inf
-21.03	-inf
-21.02	-inf
-21.01	-inf
-21	-inf
-20.99	-inf
-20.98	-inf
-20.97	-inf
-20.96	-inf
-20.95	-inf
-20.94	-inf
-20.93	-inf
-20.92	-inf
-20.91	-inf
-20.9	-inf
-20.89	-inf
-20.88	-inf
-20.87	-inf
-20.86	-inf
-20.85	-inf
-20.84	-inf
-20.83	-inf
-20.82	-inf
-20.81	-inf
-20.8	-inf
-20.79	-inf
-20.78	-inf
-20.77	-inf
-20.76	-inf
-20.75	-inf
-20.74	-inf
-20.73	-inf
-20.72	-inf
-20.71	-inf
-20.7	-inf
-20.69	-inf
-20.68	-inf
-20.67	-inf
-20.66	-inf
-20.65	-inf
-20.64	-inf
-20.63	-inf
-20.62	-inf
-20.61	-inf
-20.6	-inf
-20.59	-inf
-20.58	-inf
-20.57	-inf
-20.56	-inf
-20.55	-inf
-20.54	-inf
-20.53	-inf
-20.52	-inf
-20.51	-inf
-20.5	-inf
-20.49	-inf
-20.48	-inf
-20.47	-inf
-20.46	-inf
-20.45	-inf
-20.44	-inf
-20.43	-inf
-20.42	-inf
-20.41	-inf
-20.4	-inf
-20.39	-inf
-20.38	-inf
-20.37	-inf
-20.36	-inf
-20.35	-inf
-20.34	-inf
-20.33	-inf
-20.32	-inf
-20.31	-inf
-20.3	-inf
-20.29	-inf
-20.28	-inf
-20.27	-inf
-20.26	-inf
-20.25	-inf
-20.24	-inf
-20.23	-inf
-20.22	-inf
-20.21	-inf
-20.2	-inf
-20.19	-inf
-20.18	-inf
-20.17	-inf
-20.16	-inf
-20.15	-inf
-20.14	-inf
-20.13	-inf
-20.12	-inf
-20.11	-inf
-20.1	-inf
-20.09	-inf
-20.08	-inf
-20.07	-inf
-20.06	-inf
-20.05	-inf
-20.04	-inf
-20.03	-inf
-20.02	-inf
-20.01	-inf
-20	-inf
-19.99	-inf
-19.98	-inf
-19.97	-inf
-19.96	-inf
-19.95	-inf
-19.94	-inf
-19.93	-inf
-19.92	-inf
-19.91	-inf
-19.9	-inf
-19.89	-inf
-19.88	-inf
-19.87	-inf
-19.86	-inf
-19.85	-inf
-19.84	-inf
-19.83	-inf
-19.82	-inf
-19.81	-inf
-19.8	-inf
-19.79	-inf
-19.78	-inf
-19.77	-inf
-19.76	-inf
-19.75	-inf
-19.74	-inf
-19.73	-inf
-19.72	-inf
-19.71	-inf
-19.7	-inf
-19.69	-inf
-19.68	-inf
-19.67	-inf
-19.66	-inf
-19.65	-inf
-19.64	-inf
-19.63	-inf
-19.62	-inf
-19.61	-inf
-19.6	-inf
-19.59	-inf
-19.58	-inf
-19.57	-inf
-19.56	-inf
-19.55	-inf
-19.54	-inf
-19.53	-inf
-19.52	-inf
-19.51	-inf
-19.5	-inf
-19.49	-inf
-19.48	-inf
-19.47	-inf
-19.46	-inf
-19.45	-inf
-19.44	-inf
-19.43	-inf
-19.42	-inf
-19.41	-inf
-19.4	-inf
-19.39	-inf
-19.38	-inf
-19.37	-inf
-19.36	-inf
-19.35	-inf
-19.34	-inf
-19.33	-inf
-19.32	-inf
-19.31	-inf
-19.3	-inf
-19.29	-inf
-19.28	-inf
-19.27	-inf
-19.26	-inf
-19.25	-inf
-19.24	-inf
-19.23	-inf
-19.22	-inf
-19.21	-inf
-19.2	-inf
-19.19	-inf
-19.18	-inf
-19.17	-inf
-19.16	-inf
-19.15	-inf
-19.14	-inf
-19.13	-inf
-19.12	-inf
-19.11	-inf
-19.1	-inf
-19.09	-inf
-19.08	-inf
-19.07	-inf
-19.06	-inf
-19.05	-inf
-19.04	-inf
-19.03	-inf
-19.02	-inf
-19.01	-inf
-19	-inf
-18.99	-inf
-18.98	-inf
-18.97	-inf
-18.96	-inf
-18.95	-inf
-18.94	-inf
-18.93	-inf
-18.92	-inf
-18.91	-inf
-18.9	-inf
-18.89	-inf
-18.88	-inf
-18.87	-inf
-18.86	-inf
-18.85	-inf
-18.84	-inf
-18.83	-inf
-18.82	-inf
-18.81	-inf
-18.8	-inf
-18.79	-inf
-18.78	-inf
-18.77	-inf
-18.76	-inf
-18.75	-inf
-18.74	-inf
-18.73	-inf
-18.72	-inf
-18.71	-inf
-18.7	-inf
-18.69	-inf
-18.68	-inf
-18.67	-inf
-18.66	-inf
-18.65	-inf
-18.64	-inf
-18.63	-inf
-18.62	-inf
-18.61	-inf
-18.6	-inf
-18.59	-inf
-18.58	-inf
-18.57	-inf
-18.56	-inf
-18.55	-inf
-18.54	-inf
-18.53	-inf
-18.52	-inf
-18.51	-inf
-18.5	-inf
-18.49	-inf
-18.48	-inf
-18.47	-inf
-18.46	-inf
-18.45	-inf
-18.44	-inf
-18.43	-inf
-18.42	-inf
-18.41	-inf
-18.4	-inf
-18.39	-inf
-18.38	-inf
-18.37	-inf
-18.36	-inf
-18.35	-inf
-18.34	-inf
-18.33	-inf
-18.32	-inf
-18.31	-inf
-18.3	-inf
-18.29	-inf
-18.28	-inf
-18.27	-inf
-18.26	-inf
-18.25	-inf
-18.24	-inf
-18.23	-inf
-18.22	-inf
-18.21	-inf
-18.2	-inf
-18.19	-inf
-18.18	-inf
-18.17	-inf
-18.16	-inf
-18.15	-inf
-18.14	-inf
-18.13	-inf
-18.12	-inf
-18.11	-inf
-18.1	-inf
-18.09	-inf
-18.08	-inf
-18.07	-inf
-18.06	-inf
-18.05	-inf
-18.04	-inf
-18.03	-inf
-18.02	-inf
-18.01	-inf
-18	-inf
-17.99	-inf
-17.98	-inf
-17.97	-inf
-17.96	-inf
-17.95	-inf
-17.94	-inf
-17.93	-inf
-17.92	-inf
-17.91	-inf
-17.9	-inf
-17.89	-inf
-17.88	-inf
-17.87	-inf
-17.86	-inf
-17.85	-inf
-17.84	-inf
-17.83	-inf
-17.82	-inf
-17.81	-inf
-17.8	-inf
-17.79	-inf
-17.78	-inf
-17.77	-inf
-17.76	-inf
-17.75	-inf
-17.74	-inf
-17.73	-inf
-17.72	-inf
-17.71	-inf
-17.7	-inf
-17.69	-inf
-17.68	-inf
-17.67	-inf
-17.66	-inf
-17.65	-inf
-17.64	-inf
-17.63	-inf
-17.62	-inf
-17.61	-inf
-17.6	-inf
-17.59	-inf
-17.58	-inf
-17.57	-inf
-17.56	-inf
-17.55	-inf
-17.54	-inf
-17.53	-inf
-17.52	-inf
-17.51	-inf
-17.5	-inf
-17.49	-inf
-17.48	-inf
-17.47	-inf
-17.46	-inf
-17.45	-inf
-17.44	-inf
-17.43	-inf
-17.42	-inf
-17.41	-inf
-17.4	-inf
-17.39	-inf
-17.38	-inf
-17.37	-inf
-17.36	-inf
-17.35	-inf
-17.34	-inf
-17.33	-inf
-17.32	-inf
-17.31	-inf
-17.3	-inf
-17.29	-inf
-17.28	-inf
-17.27	-inf
-17.26	-inf
-17.25	-inf
-17.24	-inf
-17.23	-inf
-17.22	-inf
-17.21	-inf
-17.2	-inf
-17.19	-inf
-17.18	-inf
-17.17	-inf
-17.16	-inf
-17.15	-inf
-17.14	-inf
-17.13	-inf
-17.12	-inf
-17.11	-inf
-17.1	-inf
-17.09	-inf
-17.08	-inf
-17.07	-inf
-17.06	-inf
-17.05	-inf
-17.04	-inf
-17.03	-inf
-17.02	-inf
-17.01	-inf
-17	-inf
-16.99	-inf
-16.98	-inf
-16.97	-inf
-16.96	-inf
-16.95	-inf
-16.94	-inf
-16.93	-inf
-16.92	-inf
-16.91	-inf
-16.9	-inf
-16.89	-inf
-16.88	-inf
-16.87	-inf
-16.86	-inf
-16.85	-inf
-16.84	-inf
-16.83	-inf
-16.82	-inf
-16.81	-inf
-16.8	-inf
-16.79	-inf
-16.78	-inf
-16.77	-inf
-16.76	-inf
-16.75	-inf
-16.74	-inf
-16.73	-inf
-16.72	-inf
-16.71	-inf
-16.7	-inf
-16.69	-inf
-16.68	-inf
-16.67	-inf
-16.66	-inf
-16.65	-inf
-16.64	-inf
-16.63	-inf
-16.62	-inf
-16.61	-inf
-16.6	-inf
-16.59	-inf
-16.58	-inf
-16.57	-inf
-16.56	-inf
-16.55	-inf
-16.54	-inf
-16.53	-inf
-16.52	-inf
-16.51	-inf
-16.5	-inf
-16.49	-inf
-16.48	-inf
-16.47	-inf
-16.46	-inf
-16.45	-inf
-16.44	-inf
-16.43	-inf
-16.42	-inf
-16.41	-inf
-16.4	-inf
-16.39	-inf
-16.38	-inf
-16.37	-inf
-16.36	-inf
-16.35	-inf
-16.34	-inf
-16.33	-inf
-16.32	-inf
-16.31	-inf
-16.3	-inf
-16.29	-inf
-16.28	-inf
-16.27	-inf
-16.26	-inf
-16.25	-inf
-16.24	-inf
-16.23	-inf
-16.22	-inf
-16.21	-inf
-16.2	-inf
-16.19	-inf
-16.18	-inf
-16.17	-inf
-16.16	-inf
-16.15	-inf
-16.14	-inf
-16.13	-inf
-16.12	-inf
-16.11	-inf
-16.1	-inf
-16.09	-inf
-16.08	-inf
-16.07	-inf
-16.06	-inf
-16.05	-inf
-16.04	-inf
-16.03	-inf
-16.02	-inf
-16.01	-inf
-16	-inf
-15.99	-inf
-15.98	-inf
-15.97	-inf
-15.96	-inf
-15.95	-15.9546
-15.94	-15.9546
-15.93	-15.9546
-15.92	-15.9546
-15.91	-15.9546
-15.9	-15.9546
-15.89	-15.9546
-15.88	-15.9546
-15.87	-15.9546
-15.86	-15.9546
-15.85	-15.9546
-15.84	-15.9546
-15.83	-15.9546
-15.82	-15.9546
-15.81	-15.9546
-15.8	-15.9546
-15.79	-15.9546
-15.78	-15.9546
-15.77	-15.9546
-15.76	-15.9546
-15.75	-15.9546
-15.74	-15.9546
-15.73	-15.9546
-15.72	-15.9546
-15.71	-15.9546
-15.7	-15.9546
-15.69	-15.9546
-15.68	-15.9546
-15.67	-15.9546
-15.66	-15.9546
-15.65	-15.9546
-15.64	-15.9546
-15.63	-15.9546
-15.62	-15.9546
-15.61	-15.9546
-15.6	-15.9546
-15.59	-15.9546
-15.58	-15.9546
-15.57	-15.9546
-15.56	-15.9546
-15.55	-15.9546
-15.54	-15.9546
-15.53	-15.9546
-15.52	-15.9546
-15.51	-15.9546
-15.5	-15.9546
-15.49	-15.9546
-15.48	-15.9546
-15.47	-15.6536
-15.46	-15.6536
-15.45	-15.6536
-15.44	-15.6536
-15.43	-15.6536
-15.42	-15.6536
-15.41	-15.6536
-15.4	-15.6536
-15.39	-15.6536
-15.38	-15.6536
-15.37	-15.6536
-15.36	-15.6536
-15.35	-inf
-15.34	-inf
-15.33	-inf
-15.32	-inf
-15.31	-inf
-15.3	-inf
-15.29	-inf
-15.28	-inf
-15.27	-inf
-15.26	-inf
-15.25	-inf
-15.24	-inf
-15.23	-inf
-15.22	-inf
-15.21	-inf
-15.2	-inf
-15.19	-inf
-15.18	-inf
-15.17	-inf
-15.16	-inf
-15.15	-inf
-15.14	-inf
-15.13	-inf
-15.12	-inf
-15.11	-inf
-15.1	-inf
-15.09	-inf
-15.08	-inf
-15.07	-inf
-15.06	-inf
-15.05	-inf
-15.04	-inf
-15.03	-inf
-15.02	-inf
-15.01	-inf
-15	-inf
-14.99	-inf
-14.98	-inf
-14.97	-inf
-14.96	-inf
-14.95	-inf
-14.94	-inf
-14.93	-inf
-14.92	-inf
-14.91	-inf
-14.9	-inf
-14.89	-inf
-14.88	-inf
-14.87	-inf
-14.86	-inf
-14.85	-inf
-14.84	-inf
-14.83	-inf
-14.82	-inf
-14.81	-inf
-14.8	-inf
-14.79	-inf
-14.78	-inf
-14.77	-inf
-14.76	-inf
-14.75	-inf
-14.74	-inf
-14.73	-inf
-14.72	-inf
-14.71	-inf
-14.7	-inf
-14.69	-inf
-14.68	-inf
-14.67	-inf
-14.66	-inf
-14.65	-inf
-14.64	-inf
-14.63	-inf
-14.62	-inf
-14.61	-inf
-14.6	-inf
-14.59	-inf
-14.58	-inf
-14.57	-inf
-14.56	-inf
-14.55	-inf
-14.54	-inf
-14.53	-inf
-14.52	-inf
-14.51	-inf
-14.5	-inf
-14.49	-inf
-14.48	-inf
-14.47	-inf
-14.46	-inf
-14.45	-inf
-14.44	-inf
-14.43	-inf
-14.42	-inf
-14.41	-inf
-14.4	-inf
-14.39	-inf
-14.38	-inf
-14.37	-inf
-14.36	-inf
-14.35	-inf
-14.34	-inf
-14.33	-inf
-14.32	-inf
-14.31	-inf
-14.3	-inf
-14.29	-inf
-14.28	-inf
-14.27	-inf
-14.26	-inf
-14.25	-inf
-14.24	-inf
-14.23	-inf
-14.22	-inf
-14.21	-inf
-14.2	-inf
-14.19	-inf
-14.18	-inf
-14.17	-inf
-14.16	-inf
-14.15	-inf
-14.14	-inf
-14.13	-inf
-14.12	-inf
-14.11	-inf
-14.1	-inf
-14.09	-inf
-14.08	-inf
-14.07	-inf
-14.06	-inf
-14.05	-inf
-14.04	-inf
-14.03	-inf
-14.02	-inf
-14.01	-inf
-14	-inf
-13.99	-inf
-13.98	-inf
-13.97	-inf
-13.96	-inf
-13.95	-inf
-13.94	-inf
-13.93	-inf
-13.92	-inf
-13.91	-inf
-13.9	-inf
-13.89	-inf
-13.88	-inf
-13.87	-inf
-13.86	-inf
-13.85	-inf
-13.84	-inf
-13.83	-inf
-13.82	-inf
-13.81	-inf
-13.8	-inf
-13.79	-inf
-13.78	-inf
-13.77	-inf
-13.76	-inf
-13.75	-inf
-13.74	-inf
-13.73	-inf
-13.72	-inf
-13.71	-inf
-13.7	-inf
-13.69	-inf
-13.68	-inf
-13.67	-inf
-13.66	-inf
-13.65	-inf
-13.64	-inf
-13.63	-inf
-13.62	-inf
-13.61	-inf
-13.6	-inf
-13.59	-inf
-13.58	-inf
-13.57	-inf
-13.56	-inf
-13.55	-inf
-13.54	-inf
-13.53	-inf
-13.52	-inf
-13.51	-inf
-13.5	-inf
-13.49	-inf
-13.48	-inf
-13.47	-inf
-13.46	-inf
-13.45	-inf
-13.44	-inf
-13.43	-inf
-13.42	-inf
-13.41	-inf
-13.4	-inf
-13.39	-inf
-13.38	-inf
-13.37	-inf
-13.36	-inf
-13.35	-inf
-13.34	-inf
-13.33	-inf
-13.32	-inf
-13.31	-inf
-13.3	-inf
-13.29	-inf
-13.28	-inf
-13.27	-inf
-13.26	-inf
-13.25	-inf
-13.24	-inf
-13.23	-inf
-13.22	-inf
-13.21	-inf
-13.2	-inf
-13.19	-inf
-13.18	-inf
-13.17	-inf
-13.16	-inf
-13.15	-inf
-13.14	-inf
-13.13	-inf
-13.12	-inf
-13.11	-inf
-13.1	-inf
-13.09	-inf
-13.08	-inf
-13.07	-inf
-13.06	-inf
-13.05	-inf
-13.04	-inf
-13.03	-inf
-13.02	-inf
-13.01	-inf
-13	-inf
-12.99	-inf
-12.98	-inf
-12.97	-inf
-12.96	-inf
-12.95	-inf
-12.94	-inf
-12.93	-inf
-12.92	-inf
-12.91	-inf
-12.9	-inf
-12.89	-inf
-12.88	-inf
-12.87	-inf
-12.86	-inf
-12.85	-inf
-12.84	-inf
-12.83	-inf
-12.82	-inf
-12.81	-inf
-12.8	-inf
-12.79	-inf
-12.78	-inf
-12.77	-inf
-12.76	-inf
-12.75	-inf
-12.74	-inf
-12.73	-inf
-12.72	-inf
-12.71	-inf
-12.7	-inf
-12.69	-inf
-12.68	-inf
-12.67	-inf
-12.66	-inf
-12.65	-inf
-12.64	-inf
-12.63	-inf
-12.62	-inf
-12.61	-inf
-12.6	-inf
-12.59	-inf
-12.58	-inf
-12.57	-inf
-12.56	-inf
-12.55	-inf
-12.54	-inf
-12.53	-inf
-12.52	-inf
-12.51	-inf
-12.5	-inf
-12.49	-inf
-12.48	-inf
-12.47	-inf
-12.46	-inf
-12.45	-inf
-12.44	-inf
-12.43	-inf
-12.42	-inf
-12.41	-inf
-12.4	-inf
-12.39	-inf
-12.38	-inf
-12.37	-inf
-12.36	-inf
-12.35	-inf
-12.34	-inf
-12.33	-inf
-12.32	-inf
-12.31	-inf
-12.3	-inf
-12.29	-inf
-12.28	-inf
-12.27	-inf
-12.26	-inf
-12.25	-inf
-12.24	-inf
-12.23	-inf
-12.22	-inf
-12.21	-inf
-12.2	-inf
-12.19	-inf
-12.18	-inf
-12.17	-inf
-12.16	-inf
-12.15	-inf
-12.14	-inf
-12.13	-inf
-12.12	-inf
-12.11	-inf
-12.1	-inf
-12.09	-inf
-12.08	-inf
-12.07	-inf
-12.06	-inf
-12.05	-inf
-12.04	-inf
-12.03	-inf
-12.02	-inf
-12.01	-inf
-12	-inf
-11.99	-inf
-11.98	-inf
-11.97	-inf
-11.96	-inf
-11.95	-inf
-11.94	-inf
-11.93	-inf
-11.92	-inf
-11.91	-inf
-11.9	-inf
-11.89	-inf
-11.88	-inf
-11.87	-inf
-11.86	-inf
-11.85	-inf
-11.84	-inf
-11.83	-inf
-11.82	-inf
-11.81	-inf
-11.8	-inf
-11.79	-inf
-11.78	-inf
-11.77	-inf
-11.76	-inf
-11.75	-inf
-11.74	-inf
-11.73	-inf
-11.72	-inf
-11.71	-inf
-11.7	-inf
-11.69	-inf
-11.68	-inf
-11.67	-inf
-11.66	-inf
-11.65	-inf
-11.64	-inf
-11.63	-inf
-11.62	-inf
-11.61	-inf
-11.6	-inf
-11.59	-inf
-11.58	-inf
-11.57	-inf
-11.56	-inf
-11.55	-inf
-11.54	-inf
-11.53	-inf
-11.52	-inf
-11.51	-inf
-11.5	-inf
-11.49	-inf
-11.48	-inf
-11.47	-inf
-11.46	-inf
-11.45	-inf
-11.44	-inf
-11.43	-inf
-11.42	-inf
-11.41	-inf
-11.4	-inf
-11.39	-inf
-11.38	-inf
-11.37	-inf
-11.36	-inf
-11.35	-inf
-11.34	-inf
-11.33	-inf
-11.32	-inf
-11.31	-inf
-11.3	-inf
-11.29	-inf
-11.28	-inf
-11.27	-inf
-11.26	-inf
-11.25	-inf
-11.24	-inf
-11.23	-inf
-11.22	-inf
-11.21	-inf
-11.2	-inf
-11.19	-inf
-11.18	-inf
-11.17	-inf
-11.16	-inf
-11.15	-inf
-11.14	-inf
-11.13	-inf
-11.12	-inf
-11.11	-inf
-11.1	-inf
-11.09	-inf
-11.08	-inf
-11.07	-inf
-11.06	-inf
-11.05	-inf
-11.04	-inf
-11.03	-inf
-11.02	-inf
-11.01	-inf
-11	-inf
-10.99	-inf
-10.98	-inf
-10.97	-inf
-10.96	-inf
-10.95	-inf
-10.94	-inf
-10.93	-inf
-10.92	-inf
-10.91	-inf
-10.9	-inf
-10.89	-inf
-10.88	-inf
-10.87	-inf
-10.86	-inf
-10.85	-inf
-10.84	-inf
-10.83	-inf
-10.82	-inf
-10.81	-inf
-10.8	-inf
-10.79	-inf
-10.78	-inf
-10.77	-inf
-10.76	-inf
-10.75	-inf
-10.74	-inf
-10.73	-inf
-10.72	-inf
-10.71	-inf
-10.7	-inf
-10.69	-inf
-10.68	-inf
-10.67	-inf
-10.66	-inf
-10.65	-inf
-10.64	-inf
-10.63	-inf
-10.62	-inf
-10.61	-inf
-10.6	-inf
-10.59	-inf
-10.58	-inf
-10.57	-inf
-10.56	-inf
-10.55	-inf
-10.54	-inf
-10.53	-inf
-10.52	-inf
-10.51	-inf
-10.5	-inf
-10.49	-inf
-10.48	-inf
-10.47	-inf
-10.46	-inf
-10.45	-inf
-10.44	-inf
-10.43	-inf
-10.42	-inf
-10.41	-inf
-10.4	-inf
-10.39	-inf
-10.38	-inf
-10.37	-inf
-10.36	-inf
-10.35	-inf
-10.34	-inf
-10.33	-inf
-10.32	-inf
-10.31	-inf
-10.3	-inf
-10.29	-inf
-10.28	-inf
-10.27	-inf
-10.26	-inf
-10.25	-inf
-10.24	-inf
-10.23	-inf
-10.22	-inf
-10.21	-inf
-10.2	-inf
-10.19	-inf
-10.18	-inf
-10.17	-inf
-10.16	-inf
-10.15	-inf
-10.14	-inf
-10.13	-inf
-10.12	-inf
-10.11	-inf
-10.1	-inf
-10.09	-inf
-10.08	-inf
-10.07	-inf
-10.06	-inf
-10.05	-inf
-10.04	-inf
-10.03	-inf
-10.02	-inf
-10.01	-inf
-10	-inf
-9.99	-inf
-9.98	-inf
-9.97	-inf
-9.96	-inf
-9.95	-inf
-9.94	-inf
-9.93	-inf
-9.92	-inf
-9.91	-inf
-9.9	-inf
-9.89	-inf
-9.88	-inf
-9.87	-inf
-9.86	-inf
-9.85	-inf
-9.84	-inf
-9.83	-inf
-9.82	-inf
-9.81	-inf
-9.8	-inf
-9.79	-inf
-9.78	-inf
-9.77	-inf
-9.76	-inf
-9.75	-inf
-9.74	-inf
-9.73	-inf
-9.72	-inf
-9.71	-inf
-9.7	-inf
-9.69	-inf
-9.68	-inf
-9.67	-inf
-9.66	-inf
-9.65	-inf
-9.64	-inf
-9.63	-inf
-9.62	-inf
-9.61	-inf
-9.6	-inf
-9.59	-inf
-9.58	-inf
-9.57	-inf
-9.56	-inf
-9.55	-inf
-9.54	-inf
-9.53	-inf
-9.52	-inf
-9.51	-inf
-9.5	-inf
-9.49	-inf
-9.48	-inf
-9.47	-inf
-9.46	-inf
-9.45	-inf
-9.44	-inf
-9.43	-inf
-9.42	-inf
-9.41	-inf
-9.4	-inf
-9.39	-inf
-9.38	-inf
-9.37	-inf
-9.36	-inf
-9.35	-inf
-9.34	-inf
-9.33	-inf
-9.32	-inf
-9.31	-inf
-9.3	-inf
-9.29	-inf
-9.28	-inf
-9.27	-inf
-9.26	-inf
-9.25	-inf
-9.24	-inf
-9.23	-inf
-9.22	-inf
-9.21	-inf
-9.2	-inf
-9.19	-inf
-9.18	-inf
-9.17	-inf
-9.16	-inf
-9.15	-inf
-9.14	-inf
-9.13	-inf
-9.12	-inf
-9.11	-inf
-9.1	-inf
-9.09	-inf
-9.08	-inf
-9.07	-inf
-9.06	-inf
-9.05	-inf
-9.04	-inf
-9.03	-inf
-9.02	-inf
-9.01	-inf
-9	-inf
-8.99	-inf
-8.98	-inf
-8.97	-inf
-8.96	-inf
-8.95	-inf
-8.94	-inf
-8.93	-inf
-8.92	-inf
-8.91	-inf
-8.9	-inf
-8.89	-inf
-8.88	-inf
-8.87	-inf
-8.86	-inf
-8.85	-inf
-8.84	-inf
-8.83	-inf
-8.82	-inf
-8.81	-inf
-8.8	-inf
-8.79	-inf
-8.78	-inf
-8.77	-inf
-8.76	-inf
-8.75	-inf
-8.74	-inf
-8.73	-inf
-8.72	-inf
-8.71	-inf
-8.7	-inf
-8.69	-inf
-8.68	-inf
-8.67	-inf
-8.66	-inf
-8.65	-inf
-8.64	-inf
-8.63	-inf
-8.62	-inf
-8.61	-inf
-8.6	-inf
-8.59	-inf
-8.58	-inf
-8.57	-inf
-8.56	-inf
-8.55	-inf
-8.54	-inf
-8.53	-inf
-8.52	-inf
-8.51	-inf
-8.5	-inf
-8.49	-inf
-8.48	-inf
-8.47	-inf
-8.46	-15.9546
-8.45	-inf
-8.44	-inf
-8.43	-inf
-8.42	-inf
-8.41	-inf
-8.4	-inf
-8.39	-inf
-8.38	-inf
-8.37	-inf
-8.36	-inf
-8.35	-inf
-8.34	-inf
-8.33	-inf
-8.32	-inf
-8.31	-inf
-8.3	-inf
-8.29	-inf
-8.28	-inf
-8.27	-inf
-8.26	-inf
-8.25	-inf
-8.24	-inf
-8.23	-inf
-8.22	-inf
-8.21	-inf
-8.2	-inf
-8.19	-inf
-8.18	-inf
-8.17	-inf
-8.16	-inf
-8.15	-inf
-8.14	-inf
-8.13	-inf
-8.12	-inf
-8.11	-inf
-8.1	-inf
-8.09	-inf
-8.08	-inf
-8.07	-15.9546
-8.06	-inf
-8.05	-inf
-8.04	-inf
-8.03	-inf
-8.02	-15.9546
-8.01	-inf
-8	-inf
-7.99	-inf
-7.98	-inf
-7.97	-inf
-7.96	-inf
-7.95	-inf
-7.94	-inf
-7.93	-inf
-7.92	-15.9546
-7.91	-inf
-7.9	-inf
-7.89	-inf
-7.88	-15.9546
-7.87	-inf
-7.86	-15.9546
-7.85	-15.9546
-7.84	-inf
-7.83	-inf
-7.82	-15.9546
-7.81	-inf
-7.8	-inf
-7.79	-15.9546
-7.78	-15.9546
-7.77	-15.9546
-7.76	-15.9546
-7.75	-15.9546
-7.74	-inf
-7.73	-inf
-7.72	-15.9546
-7.71	-inf
-7.7	-inf
-7.69	-inf
-7.68	-15.9546
-7.67	-15.9546
-7.66	-inf
-7.65	-15.9546
-7.64	-15.9546
-7.63	-15.9546
-7.62	-inf
-7.61	-15.9546
-7.6	-15.9546
-7.59	-15.9546
-7.58	-15.9546
-7.57	-15.9546
-7.56	-15.6536
-7.55	-15.9546
-7.54	-15.9546
-7.53	-15.6536
-7.52	-15.9546
-7.51	-15.6536
-7.5	-15.6536
-7.49	-15.9546
-7.48	-15.6536
-7.47	-15.6536
-7.46	-15.6536
-7.45	-15.6536
-7.44	-15.6536
-7.43	-inf
-7.42	-inf
-7.41	-inf
-7.4	-inf
-7.39	-15.9546
-7.38	-inf
-7.37	-inf
-7.36	-inf
-7.35	-inf
-7.34	-inf
-7.33	-inf
-7.32	-15.9546
-7.31	-inf
-7.3	-inf
-7.29	-inf
-7.28	-inf
-7.27	-15.9546
-7.26	-15.9546
-7.25	-15.9546
-7.24	-inf
-7.23	-15.9546
-7.22	-15.9546
-7.21	-inf
-7.2	-inf
-7.19	-15.9546
-7.18	-inf
-7.17	-inf
-7.16	-inf
-7.15	-15.9546
-7.14	-inf
-7.13	-15.9546
-7.12	-15.9546
-7.11	-15.9546
-7.1	-inf
-7.09	-inf
-7.08	-inf
-7.07	-inf
-7.06	-inf
-7.05	-inf
-7.04	-15.9546
-7.03	-inf
-7.02	-15.9546
-7.01	-inf
-7	-inf
-6.99	-inf
-6.98	-15.9546
-6.97	-inf
-6.96	-inf
-6.95	-inf
-6.94	-inf
-6.93	-inf
-6.92	-inf
-6.91	-inf
-6.9	-inf
-6.89	-inf
-6.88	-inf
-6.87	-15.9546
-6.86	-inf
-6.85	-inf
-6.84	-inf
-6.83	-inf
-6.82	-inf
-6.81	-inf
-6.8	-inf
-6.79	-inf
-6.78	-15.9546
-6.77	-inf
-6.76	-inf
-6.75	-15.9546
-6.74	-inf
-6.73	-inf
-6.72	-inf
-6.71	-inf
-6.7	-inf
-6.69	-inf
-6.68	-inf
-6.67	-inf
-6.66	-15.9546
-6.65	-15.9546
-6.64	-inf
-6.63	-15.9546
-6.62	-inf
-6.61	-15.9546
-6.6	-inf
-6.59	-inf
-6.58	-inf
-6.57	-inf
-6.56	-inf
-6.55	-inf
-6.54	-inf
-6.53	-15.9546
-6.52	-inf
-6.51	-15.9546
-6.5	-inf
-6.49	-inf
-6.48	-15.9546
-6.47	-inf
-6.46	-inf
-6.45	-inf
-6.44	-inf
-6.43	-inf
-6.42	-inf
-6.41	-inf
-6.4	-inf
-6.39	-inf
-6.38	-inf
-6.37	-inf
-6.36	-inf
-6.35	-15.9546
-6.34	-15.9546
-6.33	-inf
-6.32	-15.9546
-6.31	-inf
-6.3	-inf
-6.29	-inf
-6.28	-inf
-6.27	-inf
-6.26	-15.9546
-6.25	-inf
-6.24	-inf
-6.23	-inf
-6.22	-inf
-6.21	-inf
-6.2	-15.9546
-6.19	-inf
-6.18	-inf
-6.17	-inf
-6.16	-inf
-6.15	-15.9546
-6.14	-inf
-6.13	-15.9546
-6.12	-inf
-6.11	-15.9546
-6.1	-inf
-6.09	-inf
-6.08	-inf
-6.07	-inf
-6.06	-inf
-6.05	-15.9546
-6.04	-15.9546
-6.03	-inf
-6.02	-15.9546
-6.01	-15.9546
-6	-inf
-5.99	-inf
-5.98	-inf
-5.97	-inf
-5.96	-inf
-5.95	-inf
-5.94	-inf
-5.93	-15.9546
-5.92	-inf
-5.91	-inf
-5.9	-inf
-5.89	-inf
-5.88	-inf
-5.87	-15.9546
-5.86	-15.9546
-5.85	-15.9546
-5.84	-15.9546
-5.83	-inf
-5.82	-inf
-5.81	-inf
-5.8	-inf
-5.79	-15.9546
-5.78	-inf
-5.77	-15.9546
-5.76	-inf
-5.75	-inf
-5.74	-inf
-5.73	-inf
-5.72	-15.9546
-5.71	-inf
-5.7	-inf
-5.69	-inf
-5.68	-inf
-5.67	-inf
-5.66	-inf
-5.65	-15.9546
-5.64	-inf
-5.63	-inf
-5.62	-15.9546
-5.61	-inf
-5.6	-inf
-5.59	-inf
-5.58	-inf
-5.57	-inf
-5.56	-inf
-5.55	-inf
-5.54	-15.9546
-5.53	-inf
-5.52	-inf
-5.51	-inf
-5.5	-inf
-5.49	-15.9546
-5.48	-inf
-5.47	-inf
-5.46	-inf
-5.45	-inf
-5.44	-inf
-5.43	-inf
-5.42	-inf
-5.41	-15.9546
-5.4	-15.9546
-5.39	-inf
-5.38	-inf
-5.37	-inf
-5.36	-inf
-5.35	-inf
-5.34	-15.9546
-5.33	-inf
-5.32	-15.9546
-5.31	-inf
-5.3	-inf
-5.29	-15.9546
-5.28	-inf
-5.27	-inf
-5.26	-15.9546
-5.25	-inf
-5.24	-15.9546
-5.23	-inf
-5.22	-inf
-5.21	-inf
-5.2	-inf
-5.19	-inf
-5.18	-inf
-5.17	-15.9546
-5.16	-15.9546
-5.15	-15.9546
-5.14	-15.9546
-5.13	-inf
-5.12	-inf
-5.11	-inf
-5.1	-inf
-5.09	-inf
-5.08	-15.9546
-5.07	-inf
-5.06	-inf
-5.05	-inf
-5.04	-inf
-5.03	-inf
-5.02	-15.9546
-5.01	-inf
-5	-inf
-4.99	-15.9546
-4.98	-inf
-4.97	-15.9546
-4.96	-inf
-4.95	-15.9546
-4.94	-15.9546
-4.93	-15.9546
-4.92	-15.9546
-4.91	-15.9546
-4.9	-15.9546
-4.89	-inf
-4.88	-15.6536
-4.87	-inf
-4.86	-15.9546
-4.85	-15.9546
-4.84	-15.9546
-4.83	-15.9546
-4.82	-15.9546
-4.81	-15.6536
-4.8	-15.9546
-4.79	-15.6536
-4.78	-15.6536
-4.77	-15.6536
-4.76	-15.6536
-4.75	-inf
-4.74	-inf
-4.73	-inf
-4.72	-inf
-4.71	-inf
-4.7	-inf
-4.69	-inf
-4.68	-15.9546
-4.67	-inf
-4.66	-15.9546
-4.65	-inf
-4.64	-15.9546
-4.63	-15.9546
-4.62	-inf
-4.61	-15.9546
-4.6	-inf
-4.59	-inf
-4.58	-inf
-4.57	-inf
-4.56	-15.9546
-4.55	-inf
-4.54	-inf
-4.53	-15.9546
-4.52	-15.9546
-4.51	-15.9546
-4.5	-inf
-4.49	-15.9546
-4.48	-inf
-4.47	-15.9546
-4.46	-inf
-4.45	-inf
-4.44	-inf
-4.43	-inf
-4.42	-inf
-4.41	-inf
-4.4	-15.9546
-4.39	-inf
-4.38	-inf
-4.37	-inf
-4.36	-inf
-4.35	-15.9546
-4.34	-15.9546
-4.33	-inf
-4.32	-inf
-4.31	-15.9546
-4.3	-inf
-4.29	-15.9546
-4.28	-15.9546
-4.27	-inf
-4.26	-inf
-4.25	-inf
-4.24	-15.9546
-4.23	-15.9546
-4.22	-inf
-4.21	-inf
-4.2	-inf
-4.19	-inf
-4.18	-inf
-4.17	-15.9546
-4.16	-inf
-4.15	-inf
-4.14	-15.9546
-4.13	-inf
-4.12	-15.9546
-4.11	-15.9546
-4.1	-15.9546
-4.09	-inf
-4.08	-inf
-4.07	-15.9546
-4.06	-inf
-4.05	-15.9546
-4.04	-inf
-4.03	-inf
-4.02	-inf
-4.01	-15.9546
-4	-15.9546
-3.99	-15.9546
-3.98	-inf
-3.97	-inf
-3.96	-inf
-3.95	-inf
-3.94	-inf
-3.93	-inf
-3.92	-15.9546
-3.91	-inf
-3.9	-15.9546
-3.89	-inf
-3.88	-inf
-3.87	-inf
-3.86	-15.9546
-3.85	-15.9546
-3.84	-inf
-3.83	-15.9546
-3.82	-inf
-3.81	-inf
-3.8	-inf
-3.79	-inf
-3.78	-15.9546
-3.77	-inf
-3.76	-15.9546
-3.75	-inf
-3.74	-15.9546
-3.73	-inf
-3.72	-inf
-3.71	-inf
-3.7	-inf
-3.69	-15.9545
-3.68	-15.9545
-3.67	-inf
-3.66	-15.9545
-3.65	-inf
-3.64	-15.9545
-3.63	-15.9545
-3.62	-15.9545
-3.61	-inf
-3.6	-inf
-3.59	-15.9545
-3.58	-15.9545
-3.57	-15.9545
-3.56	-15.9545
-3.55	-inf
-3.54	-15.9545
-3.53	-15.9545
-3.52	-15.9545
-3.51	-15.9545
-3.5	-15.9545
-3.49	-15.9545
-3.48	-15.9545
-3.47	-15.9545
-3.46	-15.9545
-3.45	-15.9545
-3.44	-15.6535
-3.43	-15.9545
-3.42	-15.9545
-3.41	-15.6535
-3.4	-15.6535
-3.39	-inf
-3.38	-inf
-3.37	-15.9545
-3.36	-inf
-3.35	-15.9545
-3.34	-15.9545
-3.33	-15.9545
-3.32	-inf
-3.31	-15.9545
-3.3	-inf
-3.29	-15.9545
-3.28	-15.9545
-3.27	-inf
-3.26	-15.9545
-3.25	-15.9545
-3.24	-15.9545
-3.23	-inf
-3.22	-inf
-3.21	-inf
-3.2	-inf
-3.19	-inf
-3.18	-15.9544
-3.17	-15.9544
-3.16	-inf
-3.15	-15.9544
-3.14	-inf
-3.13	-inf
-3.12	-inf
-3.11	-inf
-3.1	-inf
-3.09	-inf
-3.08	-inf
-3.07	-15.9544
-3.06	-inf
-3.05	-15.9544
-3.04	-inf
-3.03	-15.9544
-3.02	-15.9544
-3.01	-15.9544
-3	-15.9544
-2.99	-inf
-2.98	-inf
-2.97	-inf
-2.96	-inf
-2.95	-15.9543
-2.94	-inf
-2.93	-15.9543
-2.92	-15.9543
-2.91	-inf
-2.9	-15.9543
-2.89	-15.9543
-2.88	-inf
-2.87	-15.9543
-2.86	-15.9543
-2.85	-inf
-2.84	-inf
-2.83	-inf
-2.82	-inf
-2.81	-inf
-2.8	-15.9542
-2.79	-inf
-2.78	-15.9542
-2.77	-15.9542
-2.76	-15.9542
-2.75	-15.9542
-2.74	-15.9542
-2.73	-inf
-2.72	-inf
-2.71	-inf
-2.7	-15.9542
-2.69	-inf
-2.68	-inf
-2.67	-15.9541
-2.66	-inf
-2.65	-inf
-2.64	-inf
-2.63	-15.9541
-2.62	-15.9541
-2.61	-15.653
-2.6	-15.954
-2.59	-15.954
-2.58	-15.954
-2.57	-15.653
-2.56	-15.954
-2.55	-inf
-2.54	-15.954
-2.53	-inf
-2.52	-15.9539
-2.51	-inf
-2.5	-inf
-2.49	-15.9539
-2.48	-inf
-2.47	-inf
-2.46	-inf
-2.45	-15.9538
-2.44	-inf
-2.43	-inf
-2.42	-inf
-2.41	-inf
-2.4	-15.9537
-2.39	-inf
-2.38	-inf
-2.37	-inf
-2.36	-inf
-2.35	-inf
-2.34	-inf
-2.33	-inf
-2.32	-15.9536
-2.31	-15.9535
-2.3	-inf
-2.29	-inf
-2.28	-inf
-2.27	-inf
-2.26	-15.9534
-2.25	-inf
-2.24	-inf
-2.23	-15.9533
-2.22	-inf
-2.21	-inf
-2.2	-inf
-2.19	-inf
-2.18	-15.9532
-2.17	-inf
-2.16	-inf
-2.15	-inf
-2.14	-15.953
-2.13	-15.953
-2.12	-15.9529
-2.11	-15.9529
-2.1	-15.9529
-2.09	-15.9528
-2.08	-15.9528
-2.07	-15.6517
-2.06	-15.6517
-2.05	-inf
-2.04	-inf
-2.03	-15.9526
-2.02	-15.9525
-2.01	-15.6514
-2	-15.6514
-1.99	-inf
-1.98	-15.9523
-1.97	-inf
-1.96	-15.9522
-1.95	-inf
-1.94	-inf
-1.93	-inf
-1.92	-15.952
-1.91	-15.9519
-1.9	-15.9519
-1.89	-inf
-1.88	-inf
-1.87	-inf
-1.86	-inf
-1.85	-15.9515
-1.84	-inf
-1.83	-15.9514
-1.82	-inf
-1.81	-inf
-1.8	-inf
-1.79	-15.9511
-1.78	-15.951
-1.77	-inf
-1.76	-15.9508
-1.75	-15.9507
-1.74	-15.9506
-1.73	-15.9506
-1.72	-inf
-1.71	-inf
-1.7	-15.9503
-1.69	-inf
-1.68	-inf
-1.67	-inf
-1.66	-15.9498
-1.65	-15.9497
-1.64	-inf
-1.63	-15.6485
-1.62	-15.6484
-1.61	-15.4721
-1.6	-15.6481
-1.59	-15.648
-1.58	-15.6479
-1.57	-15.9488
-1.56	-inf
-1.55	-inf
-1.54	-15.9483
-1.53	-inf
-1.52	-inf
-1.51	-inf
-1.5	-15.9477
-1.49	-inf
-1.48	-inf
-1.47	-15.9473
-1.46	-15.9471
-1.45	-inf
-1.44	-15.6457
-1.43	-inf
-1.42	-inf
-1.41	-inf
-1.4	-inf
-1.39	-15.9458
-1.38	-15.9456
-1.37	-15.9454
-1.36	-inf
-1.35	-inf
-1.34	-inf
-1.33	-15.9445
-1.32	-15.9442
-1.31	-15.4669
-1.3	-inf
-1.29	-15.9435
-1.28	-15.9432
-1.27	-15.943
-1.26	-inf
-1.25	-inf
-1.24	-15.9422
-1.23	-15.6408
-1.22	-inf
-1.21	-inf
-1.2	-15.941
-1.19	-inf
-1.18	-15.9403
-1.17	-15.94
-1.16	-inf
-1.15	-15.9393
-1.14	-15.6379
-1.13	-15.6376
-1.12	-15.9382
-1.11	-inf
-1.1	-15.9375
-1.09	-15.9371
-1.08	-15.9367
-1.07	-inf
-1.06	-inf
-1.05	-15.9354
-1.04	-15.9349
-1.03	-15.9345
-1.02	-15.633
-1.01	-15.9335
-1	-inf
-0.99	-inf
-0.98	-inf
-0.97	-15.9315
-0.96	-inf
-0.95	-15.9305
-0.94	-15.9299
-0.93	-15.9293
-0.92	-inf
-0.91	-15.9281
-0.9	-15.6265
-0.89	-15.9269
-0.88	-inf
-0.87	-15.9256
-0.86	-inf
-0.85	-15.6232
-0.84	-inf
-0.83	-15.9229
-0.82	-15.9221
-0.81	-inf
-0.8	-inf
-0.79	-inf
-0.78	-inf
-0.77	-15.9182
-0.76	-inf
-0.75	-inf
-0.74	-inf
-0.73	-inf
-0.72	-inf
-0.71	-15.9129
-0.7	-inf
-0.69	-inf
-0.68	-inf
-0.67	-15.909
-0.66	-inf
-0.65	-15.9069
-0.64	-15.3037
-0.63	-15.9047
-0.62	-inf
-0.61	-15.9024
-0.6	-inf
-0.59	-inf
-0.58	-15.5977
-0.57	-inf
-0.56	-15.419
-0.55	-inf
-0.54	-15.5924
-0.53	-15.8921
-0.52	-inf
-0.51	-15.5882
-0.5	-inf
-0.49	-15.5852
-0.48	-15.5836
-0.47	-15.8831
-0.46	-15.8815
-0.45	-15.8798
-0.44	-15.8781
-0.43	-inf
-0.42	-inf
-0.41	-inf
-0.4	-15.871
-0.39	-15.392
-0.38	-15.5662
-0.37	-15.2632
-0.36	-inf
-0.35	-15.8612
-0.34	-15.8591
-0.33	-15.857
-0.32	-inf
-0.31	-15.8526
-0.3	-15.8503
-0.29	-15.848
-0.28	-15.3685
-0.27	-inf
-0.26	-15.3636
-0.25	-15.8382
-0.24	-15.8356
-0.23	-15.532
-0.22	-inf
-0.21	-15.5265
-0.2	-inf
-0.19	-15.8219
-0.18	-15.819
-0.17	-15.816
-0.16	-15.512
-0.15	-inf
-0.14	-15.5057
-0.13	-15.5025
-0.12	-15.8002
-0.11	-inf
-0.1	-inf
-0.09	-15.79
-0.08	-15.3093
-0.07	-15.7828
-0.06	-15.302
-0.05	-15.4743
-0.04	-inf
-0.03	-inf
-0.02	-15.7636
-0.01	-15.4585
0	-15.4544
0.01	-15.7512
0.02	-inf
0.03	-inf
0.04	-15.738
0.05	-15.7335
0.06	-15.7289
0.07	-15.7242
0.08	-inf
0.09	-15.7145
0.1	-inf
0.11	-15.7045
0.12	-inf
0.13	-15.6941
0.14	-inf
0.15	-inf
0.16	-inf
0.17	-inf
0.18	-inf
0.19	-15.6608
0.2	-inf
0.21	-inf
0.22	-15.944
0.23	-inf
0.24	-15.9316
0.25	-inf
0.26	-15.9188
0.27	-inf
0.28	-inf
0.29	-inf
0.3	-15.8921
0.31	-inf
0.32	-inf
0.33	-inf
0.34	-inf
0.35	-inf
0.36	-inf
0.37	-15.8418
0.38	-inf
0.39	-inf
0.4	-inf
0.41	-15.8111
0.42	-15.8031
0.43	-inf
0.44	-15.7871
0.45	-inf
0.46	-inf
0.47	-inf
0.48	-15.7539
0.49	-inf
0.5	-inf
0.51	-inf
0.52	-inf
0.53	-inf
0.54	-15.7019
0.55	-inf
0.56	-inf
0.57	-15.6749
0.58	-inf
0.59	-inf
0.6	-inf
0.61	-inf
0.62	-inf
0.63	-inf
0.64	-inf
0.65	-15.9016
0.66	-15.8921
0.67	-inf
0.68	-inf
0.69	-15.8634
0.7	-15.8537
0.71	-inf
0.72	-15.8344
0.73	-15.8246
0.74	-inf
0.75	-inf
0.76	-inf
0.77	-15.7854
0.78	-15.7756
0.79	-inf
0.8	-inf
0.81	-inf
0.82	-inf
0.83	-inf
0.84	-15.7162
0.85	-inf
0.86	-inf
0.87	-inf
0.88	-inf
0.89	-15.6665
0.9	-inf
0.91	-15.9476
0.92	-inf
0.93	-inf
0.94	-inf
0.95	-inf
0.96	-15.8976
0.97	-15.8876
0.98	-inf
0.99	-inf
1	-inf
1.01	-inf
1.02	-inf
1.03	-inf
1.04	-inf
1.05	-inf
1.06	-inf
1.07	-inf
1.08	-15.7777
1.09	-inf
1.1	-15.7577
1.11	-inf
1.12	-15.7377
1.13	-15.7277
1.14	-inf
1.15	-inf
1.16	-inf
1.17	-inf
1.18	-inf
1.19	-inf
1.2	-inf
1.21	-15.9487
1.22	-15.9387
1.23	-inf
1.24	-15.9187
1.25	-15.9087
1.26	-inf
1.27	-15.8887
1.28	-15.8787
1.29	-15.8687
1.3	-inf
1.31	-inf
1.32	-15.8387
1.33	-inf
1.34	-inf
1.35	-inf
1.36	-inf
1.37	-inf
1.38	-inf
1.39	-inf
1.4	-inf
1.41	-15.7487
1.42	-inf
1.43	-inf
1.44	-inf
1.45	-15.7087
1.46	-inf
1.47	-15.6887
1.48	-inf
1.49	-inf
1.5	-inf
1.51	-15.9497
1.52	-inf
1.53	-15.9297
1.54	-inf
1.55	-15.9097
1.56	-15.8997
1.57	-inf
1.58	-15.8797
1.59	-inf
1.6	-inf
1.61	-inf
1.62	-inf
1.63	-15.8297
1.64	-inf
1.65	-15.8097
1.66	-inf
1.67	-inf
1.68	-inf
1.69	-inf
1.7	-inf
1.71	-15.7497
1.72	-inf
1.73	-inf
1.74	-15.7197
1.75	-inf
1.76	-inf
1.77	-inf
1.78	-inf
1.79	-inf
1.8	-inf
1.81	-inf
1.82	-15.9408
1.83	-inf
1.84	-inf
1.85	-15.9108
1.86	-15.9008
1.87	-inf
1.88	-inf
1.89	-inf
1.9	-inf
1.91	-inf
1.92	-15.8408
1.93	-inf
1.94	-inf
1.95	-15.8108
1.96	-inf
1.97	-inf
1.98	-inf
1.99	-inf
2	-inf
2.01	-inf
2.02	-15.7408
2.03	-inf
2.04	-inf
2.05	-inf
2.06	-inf
2.07	-inf
2.08	-15.6808
2.09	-inf
2.1	-inf
2.11	-inf
2.12	-15.9418
2.13	-15.9318
2.14	-15.9218
2.15	-inf
2.16	-inf
2.17	-15.8918
2.18	-inf
2.19	-inf
2.2	-inf
2.21	-15.8518
2.22	-inf
2.23	-inf
2.24	-15.8218
2.25	-inf
2.26	-inf
2.27	-15.7918
2.28	-15.7818
2.29	-inf
2.3	-inf
2.31	-inf
2.32	-inf
2.33	-inf
2.34	-inf
2.35	-inf
2.36	-15.7018
2.37	-inf
2.38	-inf
2.39	-15.6718
2.4	-inf
2.41	-15.9528
2.42	-15.9428
2.43	-inf
2.44	-15.9228
2.45	-15.9128
2.46	-inf
2.47	-15.8928
2.48	-inf
2.49	-15.8728
2.5	-15.8628
2.51	-15.8528
2.52	-inf
2.53	-15.8328
2.54	-inf
2.55	-inf
2.56	-inf
2.57	-inf
2.58	-15.7828
2.59	-15.7728
2.6	-15.7628
2.61	-inf
2.62	-15.7428
2.63	-inf
2.64	-15.7228
2.65	-inf
2.66	-inf
2.67	-inf
2.68	-inf
2.69	-inf
2.7	-inf
2.71	-inf
2.72	-inf
2.73	-15.9339
2.74	-inf
2.75	-15.9139
2.76	-inf
2.77	-15.8939
2.78	-inf
2.79	-inf
2.8	-inf
2.81	-inf
2.82	-15.8439
2.83	-inf
2.84	-inf
2.85	-15.8139
2.86	-inf
2.87	-inf
2.88	-inf
2.89	-inf
2.9	-inf
2.91	-15.7539
2.92	-15.7439
2.93	-inf
2.94	-inf
2.95	-inf
2.96	-inf
2.97	-inf
2.98	-inf
2.99	-inf
3	-inf
3.01	-inf
3.02	-inf
3.03	-inf
3.04	-inf
3.05	-15.9149
3.06	-inf
3.07	-inf
3.08	-inf
3.09	-inf
3.1	-15.8649
3.11	-inf
3.12	-inf
3.13	-inf
3.14	-15.8249
3.15	-inf
3.16	-inf
3.17	-inf
3.18	-inf
3.19	-inf
3.2	-inf
3.21	-inf
3.22	-15.7449
3.23	-inf
3.24	-15.7249
3.25	-inf
3.26	-inf
3.27	-inf
3.28	-inf
3.29	-inf
3.3	-inf
3.31	-inf
3.32	-15.9459
3.33	-inf
3.34	-15.9259
3.35	-15.9159
3.36	-inf
3.37	-inf
3.38	-inf
3.39	-15.8759
3.4	-inf
3.41	-inf
3.42	-15.8459
3.43	-inf
3.44	-inf
3.45	-15.8159
3.46	-inf
3.47	-15.7959
3.48	-inf
3.49	-inf
3.5	-inf
3.51	-15.7559
3.52	-inf
3.53	-inf
3.54	-inf
3.55	-15.7159
3.56	-15.7059
3.57	-inf
3.58	-inf
3.59	-inf
3.6	-inf
3.61	-15.6559
3.62	-15.9469
3.63	-15.9369
3.64	-inf
3.65	-15.9169
3.66	-15.9069
3.67	-inf
3.68	-inf
3.69	-15.8769
3.7	-inf
3.71	-inf
3.72	-inf
3.73	-inf
3.74	-15.8269
3.75	-inf
3.76	-15.8069
3.77	-inf
3.78	-15.7869
3.79	-15.7769
3.8	-15.7669
3.81	-inf
3.82	-inf
3.83	-15.7369
3.84	-inf
3.85	-inf
3.86	-inf
3.87	-inf
3.88	-inf
3.89	-inf
3.9	-inf
3.91	-inf
3.92	-15.948
3.93	-inf
3.94	-inf
3.95	-inf
3.96	-inf
3.97	-inf
3.98	-inf
3.99	-inf
4	-inf
4.01	-inf
4.02	-inf
4.03	-15.838
4.04	-inf
4.05	-15.818
4.06	-15.808
4.07	-15.798
4.08	-inf
4.09	-15.778
4.1	-inf
4.11	-15.758
4.12	-15.748
4.13	-inf
4.14	-inf
4.15	-inf
4.16	-inf
4.17	-inf
4.18	-15.688
4.19	-15.678
4.2	-inf
4.21	-inf
4.22	-15.949
4.23	-15.939
4.24	-inf
4.25	-15.919
4.26	-15.909
4.27	-inf
4.28	-inf
4.29	-inf
4.3	-inf
4.31	-inf
4.32	-inf
4.33	-inf
4.34	-inf
4.35	-15.819
4.36	-inf
4.37	-inf
4.38	-inf
4.39	-inf
4.4	-15.769
4.41	-inf
4.42	-15.749
4.43	-15.739
4.44	-inf
4.45	-inf
4.46	-15.709
4.47	-inf
4.48	-inf
4.49	-15.679
4.5	-inf
4.51	-inf
4.52	-inf
4.53	-inf
4.54	-inf
4.55	-inf
4.56	-inf
4.57	-inf
4.58	-inf
4.59	-15.88
4.6	-15.87
4.61	-15.86
4.62	-15.85
4.63	-inf
4.64	-15.83
4.65	-inf
4.66	-inf
4.67	-inf
4.68	-15.79
4.69	-inf
4.7	-inf
4.71	-inf
4.72	-inf
4.73	-inf
4.74	-inf
4.75	-inf
4.76	-inf
4.77	-inf
4.78	-15.69
4.79	-inf
4.8	-inf
4.81	-inf
4.82	-inf
4.83	-inf
4.84	-inf
4.85	-15.9211
4.86	-inf
4.87	-15.9011
4.88	-inf
4.89	-inf
4.9	-inf
4.91	-inf
4.92	-inf
4.93	-inf
4.94	-inf
4.95	-inf
4.96	-inf
4.97	-inf
4.98	-inf
4.99	-inf
5	-inf
5.01	-inf
5.02	-inf
5.03	-15.7411
5.04	-15.7311
5.05	-15.7211
5.06	-15.7111
5.07	-inf
5.08	-inf
5.09	-inf
5.1	-inf
5.11	-inf
5.12	-inf
5.13	-inf
5.14	-15.9321
5.15	-inf
5.16	-inf
5.17	-inf
5.18	-inf
5.19	-inf
5.2	-inf
5.21	-inf
5.22	-inf
5.23	-inf
5.24	-inf
5.25	-inf
5.26	-inf
5.27	-15.8021
5.28	-inf
5.29	-inf
5.3	-15.7721
5.31	-inf
5.32	-inf
5.33	-inf
5.34	-inf
5.35	-inf
5.36	-inf
5.37	-inf
5.38	-inf
5.39	-inf
5.4	-inf
5.41	-inf
5.42	-15.9531
5.43	-inf
5.44	-15.9331
5.45	-inf
5.46	-15.9131
5.47	-inf
5.48	-inf
5.49	-15.8831
5.5	-15.8731
5.51	-15.8631
5.52	-inf
5.53	-inf
5.54	-inf
5.55	-inf
5.56	-15.8131
5.57	-15.8031
5.58	-inf
5.59	-inf
5.6	-inf
5.61	-inf
5.62	-inf
5.63	-inf
5.64	-inf
5.65	-15.7231
5.66	-inf
5.67	-inf
5.68	-15.6931
5.69	-inf
5.7	-inf
5.71	-inf
5.72	-15.9542
5.73	-inf
5.74	-15.9342
5.75	-15.9242
5.76	-15.9142
5.77	-15.9042
5.78	-inf
5.79	-inf
5.8	-15.8742
5.81	-inf
5.82	-inf
5.83	-inf
5.84	-15.8342
5.85	-15.8242
5.86	-inf
5.87	-15.8042
5.88	-inf
5.89	-inf
5.9	-inf
5.91	-inf
5.92	-15.7542
5.93	-inf
5.94	-inf
5.95	-inf
5.96	-inf
5.97	-inf
5.98	-inf
5.99	-inf
6	-inf
6.01	-inf
6.02	-inf
6.03	-inf
6.04	-inf
6.05	-15.9252
6.06	-inf
6.07	-15.9052
6.08	-inf
6.09	-inf
6.1	-inf
6.11	-15.8652
6.12	-inf
6.13	-inf
6.14	-inf
6.15	-15.8252
6.16	-inf
6.17	-inf
6.18	-inf
6.19	-inf
6.2	-inf
6.21	-inf
6.22	-inf
6.23	-inf
6.24	-inf
6.25	-inf
6.26	-inf
6.27	-inf
6.28	-inf
6.29	-15.6852
6.3	-inf
6.31	-inf
6.32	-inf
6.33	-inf
6.34	-inf
6.35	-15.9262
6.36	-15.9162
6.37	-inf
6.38	-inf
6.39	-15.8862
6.4	-15.8762
6.41	-inf
6.42	-inf
6.43	-inf
6.44	-inf
6.45	-15.8262
6.46	-inf
6.47	-inf
6.48	-15.7962
6.49	-inf
6.5	-inf
6.51	-inf
6.52	-inf
6.53	-inf
6.54	-15.7362
6.55	-inf
6.56	-inf
6.57	-inf
6.58	-inf
6.59	-inf
6.6	-inf
6.61	-inf
6.62	-inf
6.63	-15.9472
6.64	-15.9372
6.65	-inf
6.66	-15.9172
6.67	-inf
6.68	-inf
6.69	-inf
6.7	-inf
6.71	-inf
6.72	-inf
6.73	-15.8472
6.74	-inf
6.75	-inf
6.76	-inf
6.77	-inf
6.78	-inf
6.79	-15.7872
6.8	-inf
6.81	-inf
6.82	-inf
6.83	-inf
6.84	-inf
6.85	-15.7272
6.86	-inf
6.87	-inf
6.88	-inf
6.89	-inf
6.9	-inf
6.91	-inf
6.92	-inf
6.93	-inf
6.94	-15.9383
6.95	-15.9283
6.96	-15.9183
6.97	-inf
6.98	-15.8983
6.99	-inf
7	-inf
7.01	-inf
7.02	-15.8583
7.03	-15.8483
7.04	-inf
7.05	-15.8283
7.06	-15.8183
7.07	-inf
7.08	-inf
7.09	-inf
7.1	-inf
7.11	-inf
7.12	-inf
7.13	-inf
7.14	-inf
7.15	-inf
7.16	-inf
7.17	-inf
7.18	-inf
7.19	-inf
7.2	-inf
7.21	-inf
7.22	-inf
7.23	-inf
7.24	-inf
7.25	-15.9293
7.26	-inf
7.27	-15.9093
7.28	-15.8993
7.29	-15.8893
7.3	-inf
7.31	-inf
7.32	-15.8593
7.33	-inf
7.34	-15.8393
7.35	-inf
7.36	-inf
7.37	-inf
7.38	-inf
7.39	-inf
7.4	-inf
7.41	-inf
7.42	-inf
7.43	-inf
7.44	-inf
7.45	-inf
7.46	-inf
7.47	-inf
7.48	-inf
7.49	-inf
7.5	-inf
7.51	-inf
7.52	-inf
7.53	-15.9503
7.54	-15.9403
7.55	-inf
7.56	-inf
7.57	-inf
7.58	-15.9003
7.59	-inf
7.6	-15.8803
7.61	-inf
7.62	-15.8603
7.63	-inf
7.64	-inf
7.65	-15.8303
7.66	-15.8203
7.67	-15.8103
7.68	-inf
7.69	-inf
7.7	-inf
7.71	-inf
7.72	-inf
7.73	-15.7503
7.74	-inf
7.75	-inf
7.76	-15.7203
7.77	-15.7103
7.78	-inf
7.79	-inf
7.8	-inf
7.81	-inf
7.82	-inf
7.83	-inf
7.84	-inf
7.85	-15.9314
7.86	-15.9214
7.87	-inf
7.88	-inf
7.89	-inf
7.9	-inf
7.91	-15.8714
7.92	-inf
7.93	-15.8514
7.94	-15.8414
7.95	-15.8314
7.96	-15.8214
7.97	-inf
7.98	-15.8014
7.99	-inf
8	-inf
8.01	-inf
8.02	-inf
8.03	-inf
8.04	-inf
8.05	-inf
8.06	-inf
8.07	-15.7114
8.08	-inf
8.09	-inf
8.1	-inf
8.11	-inf
8.12	-inf
8.13	-15.9524
8.14	-inf
8.15	-15.9324
8.16	-inf
8.17	-inf
8.18	-inf
8.19	-inf
8.2	-inf
8.21	-inf
8.22	-15.8624
8.23	-15.8524
8.24	-inf
8.25	-inf
8.26	-inf
8.27	-inf
8.28	-15.8024
8.29	-inf
8.3	-inf
8.31	-15.7724
8.32	-inf
8.33	-inf
8.34	-inf
8.35	-inf
8.36	-inf
8.37	-15.7124
8.38	-inf
8.39	-inf
8.4	-inf
8.41	-inf
8.42	-inf
8.43	-inf
8.44	-inf
8.45	-15.9334
8.46	-15.9234
8.47	-15.9134
8.48	-inf
8.49	-inf
8.5	-15.8834
8.51	-inf
8.52	-inf
8.53	-inf
8.54	-inf
8.55	-inf
8.56	-inf
8.57	-15.8134
8.58	-inf
8.59	-inf
8.6	-inf
8.61	-inf
8.62	-15.7634
8.63	-inf
8.64	-15.7434
8.65	-15.7334
8.66	-inf
8.67	-inf
8.68	-15.7034
8.69	-15.6934
8.7	-inf
8.71	-inf
8.72	-inf
8.73	-inf
8.74	-inf
8.75	-inf
8.76	-15.9245
8.77	-15.9145
8.78	-inf
8.79	-inf
8.8	-inf
8.81	-15.8745
8.82	-inf
8.83	-inf
8.84	-inf
8.85	-15.8345
8.86	-inf
8.87	-inf
8.88	-inf
8.89	-inf
8.9	-15.7845
8.91	-inf
8.92	-15.7645
8.93	-inf
8.94	-inf
8.95	-inf
8.96	-15.7245
8.97	-15.7145
8.98	-inf
8.99	-inf
